+---------+-------+----------------+------------------------+----------------------+----------------------+------------------------+------------------------+--------------+
|  File   | Count | Non-Zero Count |          Mean          |        Median        |         Mode         |        Variance        |     Std Deviation      | Elapsed Time |
+---------+-------+----------------+------------------------+----------------------+----------------------+------------------------+------------------------+--------------+
| TC2.txt | 1977  |      1974      |         250.78         |        247.0         |        230.0         |        20785.37        |         144.17         |     0.01     |
| TC3.txt | 12624 |     12606      |         249.78         |        249.0         |         94.0         |        21117.28        |         145.32         |     0.07     |
| TC1.txt |  400  |      400       |         242.32         |        239.5         |        170.0         |        21099.92        |         145.26         |     0.0      |
| TC4.txt | 12624 |     12603      |         149.0          |        147.75        |        123.75        |        17007.92        |         130.41         |     0.07     |
| TC5.txt |  307  |      307       |         241.5          |        241.0         |         11.0         |        21160.02        |         145.46         |     0.0      |
| TC7.txt | 12767 |     12767      | 2.474673954997149e+20  | 2.4664097307429e+20  | 4.30461588377079e+18 | 2.0910793147136484e+40 | 1.4460564700984703e+20 |     1.44     |
| TC6.txt | 3000  |      3000      | 1.8790659927977473e+20 | 1.88008049965543e+20 | 9.6231693617084e+17  | 1.1530904699530647e+40 |  1.0738205017381e+20   |     0.08     |
+---------+-------+----------------+------------------------+----------------------+----------------------+------------------------+------------------------+--------------+